Initial Population: 

X = [0, 1, 0, 0, 1, 0, 0, 0, 0, 1, 1, 1, 0, 0]    Value: 4.636    f: 34.867504
X = [0, 1, 0, 1, 1, 0, 0, 0, 0, 0, 1, 1, 0, 0]    Value: 5.644    f: 34.585263999999995
X = [0, 0, 0, 1, 1, 1, 1, 1, 1, 1, 0, 0, 0, 1]    Value: 2.033    f: 26.196911
X = [0, 1, 0, 1, 1, 1, 1, 0, 0, 0, 1, 0, 1, 0]    Value: 6.026    f: 33.947324
X = [0, 1, 0, 1, 1, 0, 0, 0, 1, 0, 0, 1, 0, 1]    Value: 5.669    f: 34.552439
X = [0, 1, 0, 1, 1, 1, 0, 1, 1, 0, 1, 0, 0, 1]    Value: 5.993    f: 34.013951000000006
X = [0, 0, 0, 0, 0, 0, 0, 1, 1, 0, 1, 0, 0, 1]    Value: 0.105    f: 11.038975
X = [1, 0, 0, 1, 0, 1, 0, 0, 1, 0, 0, 0, 1, 1]    Value: 9.507    f: 14.686950999999993
X = [1, 0, 0, 0, 0, 0, 1, 0, 1, 1, 0, 1, 0, 1]    Value: 8.373    f: 23.622871000000004
X = [0, 0, 1, 0, 1, 0, 1, 0, 0, 1, 0, 1, 0, 0]    Value: 2.708    f: 29.746736000000002
X = [0, 0, 0, 1, 0, 0, 0, 1, 1, 1, 0, 0, 1, 0]    Value: 1.138    f: 20.084956
X = [0, 1, 1, 0, 0, 1, 1, 0, 1, 0, 0, 1, 0, 0]    Value: 6.564    f: 32.553904
X = [0, 0, 1, 1, 1, 1, 0, 1, 0, 0, 1, 1, 1, 1]    Value: 3.919    f: 33.831438999999996
X = [0, 0, 1, 0, 1, 0, 0, 0, 1, 0, 1, 1, 1, 0]    Value: 2.606    f: 29.268763999999997
X = [1, 0, 0, 1, 0, 0, 0, 1, 0, 0, 1, 1, 1, 0]    Value: 9.294    f: 16.56156399999999
X = [0, 0, 1, 1, 0, 0, 1, 1, 1, 1, 1, 0, 0, 0]    Value: 3.32    f: 32.1776
X = [0, 1, 1, 1, 1, 0, 1, 0, 0, 0, 0, 0, 0, 1]    Value: 7.809    f: 27.109519
X = [0, 0, 1, 1, 1, 0, 0, 1, 0, 1, 1, 1, 1, 0]    Value: 3.678    f: 33.252316
X = [0, 0, 1, 0, 1, 1, 1, 0, 1, 1, 1, 1, 1, 1]    Value: 3.007    f: 31.027951
X = [0, 1, 1, 0, 0, 0, 1, 0, 1, 1, 1, 1, 1, 1]    Value: 6.335    f: 33.217775
X = [1, 0, 0, 0, 0, 0, 1, 1, 1, 1, 0, 0, 1, 1]    Value: 8.435    f: 23.200774999999993
X = [0, 0, 0, 0, 1, 1, 1, 1, 1, 1, 1, 0, 1, 0]    Value: 1.018    f: 19.143676
X = [0, 1, 1, 0, 1, 1, 1, 0, 0, 1, 1, 0, 1, 0]    Value: 7.066    f: 30.731643999999996
X = [1, 0, 0, 0, 1, 0, 0, 1, 0, 0, 1, 0, 1, 1]    Value: 8.779    f: 20.71915899999999
X = [0, 1, 1, 0, 0, 1, 0, 0, 0, 1, 0, 0, 0, 0]    Value: 6.416    f: 32.99494399999999
X = [1, 0, 0, 0, 0, 1, 1, 1, 1, 0, 0, 0, 0, 0]    Value: 8.672    f: 21.516415999999992
X = [0, 1, 1, 0, 1, 1, 1, 0, 0, 1, 1, 1, 1, 0]    Value: 7.07    f: 30.7151
X = [0, 0, 1, 1, 1, 1, 1, 0, 1, 0, 1, 0, 1, 0]    Value: 4.01    f: 34.01989999999999
X = [0, 1, 1, 1, 1, 0, 0, 1, 1, 0, 0, 1, 1, 0]    Value: 7.782    f: 27.26047599999999
X = [0, 1, 1, 1, 1, 1, 0, 1, 1, 0, 0, 0, 1, 0]    Value: 8.034    f: 25.794843999999998
X = [0, 1, 0, 0, 1, 0, 0, 0, 1, 0, 0, 0, 1, 1]    Value: 4.643    f: 34.872551
X = [0, 1, 1, 1, 1, 0, 0, 1, 1, 0, 0, 0, 1, 0]    Value: 7.778    f: 27.282716000000008
X = [0, 1, 0, 0, 0, 1, 1, 0, 1, 1, 1, 0, 1, 0]    Value: 4.538    f: 34.786556000000004
X = [1, 0, 0, 1, 0, 1, 1, 0, 0, 0, 0, 1, 1, 1]    Value: 9.607    f: 13.775551000000007
X = [0, 0, 1, 1, 0, 0, 1, 1, 1, 0, 0, 1, 1, 0]    Value: 3.302    f: 32.116796
X = [0, 1, 1, 0, 1, 0, 0, 0, 0, 1, 1, 0, 0, 0]    Value: 6.68    f: 32.1776
X = [0, 0, 1, 1, 1, 0, 1, 0, 1, 0, 0, 1, 1, 1]    Value: 3.751    f: 33.439999
X = [0, 0, 1, 0, 1, 1, 0, 0, 0, 0, 0, 0, 0, 1]    Value: 2.817    f: 30.234511
X = [0, 0, 0, 1, 0, 0, 0, 0, 1, 0, 1, 0, 1, 1]    Value: 1.067    f: 19.531511000000002
X = [1, 0, 0, 1, 0, 1, 1, 0, 0, 1, 0, 1, 1, 0]    Value: 9.622    f: 13.637116000000006
X = [0, 1, 1, 1, 0, 1, 1, 0, 1, 0, 1, 1, 1, 0]    Value: 7.598    f: 28.25039600000001
X = [1, 0, 0, 0, 1, 1, 0, 1, 0, 1, 0, 0, 0, 0]    Value: 9.04    f: 18.67840000000001
X = [1, 0, 0, 0, 0, 0, 0, 1, 1, 0, 1, 0, 1, 1]    Value: 8.299    f: 24.116599000000008
X = [1, 0, 0, 1, 0, 0, 0, 0, 0, 0, 0, 1, 0, 0]    Value: 9.22    f: 17.191599999999994
X = [0, 0, 0, 0, 1, 0, 1, 1, 0, 1, 0, 1, 0, 1]    Value: 0.725    f: 16.724375000000002
X = [0, 0, 0, 0, 1, 1, 0, 0, 1, 1, 0, 0, 1, 0]    Value: 0.818    f: 17.510876
X = [0, 1, 1, 0, 0, 0, 0, 0, 0, 0, 1, 1, 0, 0]    Value: 6.156    f: 33.663664
X = [0, 0, 1, 0, 1, 1, 1, 1, 0, 0, 0, 1, 0, 0]    Value: 3.012    f: 31.047856000000003
X = [0, 0, 1, 1, 0, 0, 0, 1, 1, 0, 0, 1, 0, 0]    Value: 3.172    f: 31.658416000000003
X = [0, 0, 1, 0, 1, 0, 1, 1, 0, 1, 1, 1, 0, 1]    Value: 2.781    f: 30.076039
X = [0, 0, 0, 0, 1, 0, 1, 0, 1, 1, 0, 1, 1, 1]    Value: 0.695    f: 16.466974999999998
X = [0, 0, 1, 1, 1, 0, 0, 1, 0, 0, 0, 0, 1, 1]    Value: 3.651    f: 33.180199
X = [0, 1, 0, 0, 1, 1, 0, 1, 0, 1, 0, 0, 0, 0]    Value: 4.944    f: 34.996864
X = [0, 0, 0, 1, 0, 0, 1, 0, 0, 0, 0, 0, 0, 0]    Value: 1.152    f: 20.192895999999998
X = [0, 0, 0, 0, 0, 1, 0, 1, 0, 0, 1, 0, 1, 1]    Value: 0.331    f: 13.200439
X = [0, 1, 1, 1, 1, 0, 1, 0, 1, 0, 0, 0, 0, 1]    Value: 7.841    f: 26.928718999999994
X = [0, 1, 1, 1, 1, 0, 1, 0, 1, 0, 0, 1, 0, 0]    Value: 7.844    f: 26.911663999999995
X = [0, 0, 0, 0, 0, 0, 0, 1, 0, 1, 0, 0, 1, 0]    Value: 0.082    f: 10.813276
X = [1, 0, 0, 0, 0, 1, 1, 0, 1, 1, 1, 1, 1, 0]    Value: 8.638    f: 21.764955999999998
X = [0, 1, 1, 0, 1, 1, 1, 1, 0, 1, 0, 1, 0, 1]    Value: 7.125    f: 30.484375
X = [0, 0, 1, 1, 1, 0, 1, 0, 1, 0, 0, 1, 1, 0]    Value: 3.75    f: 33.4375
X = [0, 0, 0, 1, 0, 0, 1, 0, 0, 0, 1, 0, 0, 1]    Value: 1.161    f: 20.262079
X = [0, 1, 1, 1, 1, 0, 0, 0, 0, 0, 1, 0, 0, 1]    Value: 7.689    f: 27.769278999999997
X = [0, 1, 1, 1, 0, 0, 1, 1, 0, 0, 0, 0, 1, 0]    Value: 7.362    f: 29.420956000000004
X = [0, 0, 1, 1, 1, 0, 1, 1, 0, 0, 1, 1, 0, 0]    Value: 3.788    f: 33.531056
X = [0, 0, 1, 0, 1, 1, 1, 0, 1, 0, 1, 1, 1, 1]    Value: 2.991    f: 30.963918999999997
X = [1, 0, 0, 0, 1, 1, 1, 0, 0, 0, 0, 1, 0, 0]    Value: 9.092    f: 18.255535999999992
X = [0, 1, 0, 1, 1, 1, 1, 1, 0, 1, 0, 1, 1, 1]    Value: 6.103    f: 33.783391
X = [0, 0, 1, 0, 1, 0, 0, 1, 1, 0, 1, 1, 1, 1]    Value: 2.671    f: 29.575758999999998
X = [0, 0, 0, 1, 0, 1, 1, 1, 0, 0, 0, 0, 0, 1]    Value: 1.473    f: 22.560271
X = [0, 1, 1, 0, 0, 1, 1, 1, 0, 1, 1, 0, 1, 1]    Value: 6.619    f: 32.378839
X = [0, 0, 0, 1, 0, 1, 1, 1, 0, 0, 1, 1, 1, 0]    Value: 1.486    f: 22.651804
X = [0, 1, 0, 0, 0, 1, 1, 0, 1, 1, 1, 0, 1, 0]    Value: 4.538    f: 34.786556000000004
X = [0, 0, 1, 1, 1, 1, 1, 1, 1, 0, 0, 0, 0, 1]    Value: 4.065    f: 34.125775000000004
X = [0, 1, 1, 0, 1, 1, 0, 1, 0, 0, 1, 1, 0, 0]    Value: 6.988    f: 31.047856000000003
X = [0, 1, 1, 1, 0, 0, 0, 0, 0, 1, 1, 0, 1, 1]    Value: 7.195    f: 30.181975
X = [0, 0, 0, 1, 1, 0, 1, 1, 0, 0, 1, 1, 0, 1]    Value: 1.741    f: 24.378919
X = [0, 1, 1, 0, 1, 1, 1, 1, 0, 1, 0, 1, 1, 0]    Value: 7.126    f: 30.480124000000004
X = [0, 1, 0, 0, 1, 0, 1, 1, 1, 1, 0, 0, 0, 0]    Value: 4.848    f: 34.976895999999996
X = [0, 1, 0, 1, 1, 0, 0, 1, 1, 1, 0, 0, 0, 1]    Value: 5.745    f: 34.444975
X = [0, 0, 1, 1, 1, 1, 0, 1, 0, 1, 1, 1, 0, 0]    Value: 3.932    f: 33.859376
X = [1, 0, 0, 0, 0, 1, 1, 1, 1, 0, 1, 1, 0, 1]    Value: 8.685    f: 21.420775000000006
X = [0, 0, 0, 0, 0, 1, 1, 1, 0, 0, 0, 0, 1, 1]    Value: 0.451    f: 14.306598999999999
X = [0, 0, 0, 1, 1, 0, 1, 1, 0, 1, 0, 0, 0, 1]    Value: 1.745    f: 24.404975
X = [0, 0, 1, 0, 0, 1, 1, 0, 1, 1, 1, 0, 0, 0]    Value: 2.488    f: 28.689856
X = [0, 0, 1, 1, 1, 1, 1, 0, 0, 1, 0, 1, 1, 0]    Value: 3.99    f: 33.9799
X = [0, 0, 1, 0, 1, 0, 0, 1, 1, 0, 0, 1, 1, 0]    Value: 2.662    f: 29.533755999999997
X = [0, 1, 0, 0, 0, 0, 0, 0, 1, 0, 0, 0, 0, 1]    Value: 4.129    f: 34.241358999999996
X = [0, 0, 1, 0, 0, 1, 0, 1, 1, 0, 1, 0, 0, 0]    Value: 2.408    f: 28.281536
X = [0, 0, 1, 1, 0, 1, 1, 0, 0, 1, 1, 0, 0, 0]    Value: 3.48    f: 32.6896
X = [0, 1, 0, 0, 0, 1, 1, 0, 1, 1, 0, 1, 0, 0]    Value: 4.532    f: 34.780975999999995
X = [0, 0, 0, 1, 1, 0, 0, 1, 0, 0, 0, 0, 0, 1]    Value: 1.601    f: 23.446799
X = [0, 1, 1, 0, 1, 0, 1, 1, 0, 0, 0, 0, 0, 1]    Value: 6.849    f: 31.581199000000005
X = [0, 1, 0, 0, 0, 0, 0, 1, 0, 1, 0, 1, 0, 0]    Value: 4.18    f: 34.327600000000004
X = [0, 1, 1, 1, 0, 1, 1, 0, 0, 0, 1, 0, 0, 1]    Value: 7.561    f: 28.441279
X = [0, 1, 0, 1, 1, 0, 0, 1, 0, 1, 0, 1, 1, 0]    Value: 5.718    f: 34.484476
X = [0, 0, 0, 1, 1, 0, 0, 1, 1, 1, 1, 1, 1, 0]    Value: 1.662    f: 23.857756
X = [0, 0, 1, 1, 0, 0, 1, 1, 0, 1, 0, 1, 1, 0]    Value: 3.286    f: 32.062204
X = [1, 0, 0, 1, 0, 1, 0, 0, 1, 1, 1, 1, 1, 1]    Value: 9.535    f: 14.433774999999997
X = [0, 0, 0, 0, 0, 1, 1, 1, 1, 0, 0, 1, 1, 0]    Value: 0.486    f: 14.623804


Selection Probability
Value: 4.636    0.012769097300793722
Value: 5.644    0.012665736015679191
Value: 2.033    0.00959377262964488
Value: 6.026    0.012432111092826431
Value: 5.669    0.012653714919506133
Value: 5.993    0.01245651107987053
Value: 0.105    0.004042668092216449
Value: 9.507    0.005378621491546673
Value: 8.373    0.008651113607762068
Value: 2.708    0.010893781394992412
Value: 1.138    0.007355466495283421
Value: 6.564    0.011921816018052167
Value: 3.919    0.012389671954059787
Value: 2.606    0.010718739586004448
Value: 9.294    0.0060651379625373345
Value: 3.32    0.011784006830716075
Value: 7.809    0.009927985837148427
Value: 3.678    0.012177586857973542
Value: 3.007    0.011362985012155154
Value: 6.335    0.012164937332218366
Value: 8.435    0.008496534579269637
Value: 1.018    0.007010753093736493
Value: 7.066    0.01125447214258163
Value: 8.779    0.007587722862571862
Value: 6.416    0.012083332674751823
Value: 8.672    0.007879692491563341
Value: 7.07    0.011248413436866868
Value: 4.01    0.012458689708998737
Value: 7.782    0.009983268963271702
Value: 8.034    0.009446528575569824
Value: 4.643    0.012770945601551847
Value: 7.778    0.00999141364503527
Value: 4.538    0.012739452709993515
Value: 9.607    0.005044850675031008
Value: 3.302    0.011761739329369336
Value: 6.68    0.011784006830716075
Value: 3.751    0.01224631969553785
Value: 2.817    0.01107241323614441
Value: 1.067    0.0071527851374312
Value: 9.622    0.004994153327012194
Value: 7.598    0.010345795193999372
Value: 9.04    0.006840360784733705
Value: 8.299    0.0088319255429131
Value: 9.22    0.006295868300648228
Value: 0.725    0.006124762233338011
Value: 0.818    0.006412792824692401
Value: 6.156    0.012328229778570522
Value: 3.012    0.011370274575577082
Value: 3.172    0.011593872457661575
Value: 2.781    0.011014377983966582
Value: 0.695    0.006030497796020549
Value: 3.651    0.01215117633572792
Value: 4.944    0.012816471223137883
Value: 1.152    0.007394996034382281
Value: 0.331    0.0048342344781603
Value: 7.841    0.009861773676048981
Value: 7.844    0.009855527833086863
Value: 0.082    0.003960013122371407
Value: 8.638    0.007970712240012766
Value: 7.125    0.011163917856835511
Value: 3.75    0.012245404517492566
Value: 1.161    0.00742033207388086
Value: 7.689    0.010169601630328566
Value: 7.362    0.010774474990993646
Value: 3.788    0.012279666381119885
Value: 2.991    0.01133953536005604
Value: 9.092    0.00668550050104368
Value: 6.103    0.012372075925760529
Value: 2.671    0.010831166590411107
Value: 1.473    0.008261970674220756
Value: 6.619    0.01185770411549202
Value: 1.486    0.008295491679430464
Value: 4.538    0.012739452709993515
Value: 4.065    0.012497463008536372
Value: 6.988    0.011370274575577082
Value: 7.195    0.01105317362278423
Value: 1.741    0.008927991771340122
Value: 7.126    0.011162361065370725
Value: 4.848    0.012809158588000526
Value: 5.745    0.012614359700034945
Value: 3.932    0.01239990297808985
Value: 8.685    0.007844667064020691
Value: 0.451    0.0052393298549399505
Value: 1.745    0.00893753393986671
Value: 2.488    0.01050673322672482
Value: 3.99    0.012444041000790898
Value: 2.662    0.010815784348139757
Value: 4.129    0.012539791915773747
Value: 2.408    0.010357199213339174
Value: 3.48    0.011971510295776448
Value: 4.532    0.012737409215198519
Value: 1.601    0.00858663292397279
Value: 6.849    0.011565594225119455
Value: 4.18    0.012571374896887562
Value: 7.561    0.010415699928220305
Value: 5.718    0.012628825665607895
Value: 1.662    0.008737132653447038
Value: 3.286    0.011741746772407274
Value: 9.535    0.005285903957815962
Value: 0.486    0.005355495942116661

Selection intervals: 
[0, 0.012713392347134134, 0.025419530872371893, 0.038125669397609654, 0.050831807922847416, 0.0635000407967542, 0.07606391025263498, 0.08862684246590295, 0.10114082990825926, 0.11365373625215987, 0.12609267453720371, 0.13848962435319356, 0.1508865741691834, 0.16324506252717652, 0.1756013897780752, 0.18793351328340652, 0.20024141088355826, 0.21253143657486406, 0.22480400775723172, 0.23695092630991396, 0.24900437452867402, 0.26105782274743405, 0.2731112709661941, 0.28509742116935854, 0.297083571372523, 0.3089587985491888, 0.32083402572585457, 0.33270925290252035, 0.34453518547702017, 0.35635998137239766, 0.3680492131158231, 0.37973844485924857, 0.3914055881918874, 0.40305289976145703, 0.41470021133102664, 0.42617278709324125, 0.43745161410086464, 0.44873044110848803, 0.4600092681161114, 0.4712880951237348, 0.4825669221313582, 0.49383851820324204, 0.5050382898862916, 0.516218713321744, 0.5273766592817437, 0.5385346052417435, 0.5496149050105397, 0.5606874906913967, 0.5717600763722537, 0.5827243527710303, 0.5936886291698069, 0.6044947952827083, 0.6152792518778639, 0.6260233067775053, 0.6367521031494466, 0.6474399224025023, 0.6580863460469474, 0.6684182757530293, 0.6786940580877017, 0.6889679575818849, 0.6992305447756949, 0.7093183554756488, 0.719359068644492, 0.7292620452928463, 0.7391101834399982, 0.7489583215871501, 0.758740780096939, 0.7685232386067279, 0.7782183635420745, 0.7878672308319385, 0.7972377839279279, 0.8066083370239172, 0.8154739891691208, 0.8243301758904797, 0.8329970385142335, 0.8415146118308424, 0.8500321851474514, 0.8585497584640603, 0.8669779580688187, 0.8747595329252025, 0.8823927564435989, 0.8897506195354403, 0.8970469283105045, 0.9043432370855686, 0.9116339325765811, 0.9187291900966653, 0.9255145359955639, 0.9321462671036778, 0.9387779982117916, 0.9450232308096321, 0.9510987334928326, 0.9571711298343345, 0.9631874877861262, 0.9691694841714437, 0.9751514805567612, 0.9806269768664939, 0.9858703679493422, 0.9910675595102809, 0.996071836026627, 1.0000000000000004]

u = 0.5280097639099326    select 44
u = 0.5421984797709989    select 45
u = 0.9991163395783065    select 98
u = 0.8163455024672723    select 72
u = 0.16024970082757428    select 12
u = 0.7760374005048665    select 67
u = 0.9704059278734813    select 93
u = 0.06531173762999365    select 5
u = 0.8271964333215766    select 73
u = 0.02049211631370762    select 1
u = 0.38592966367643233    select 31
u = 0.28044472508106144    select 22
u = 0.19367423499867764    select 15
u = 0.8515655028434311    select 76
u = 0.8964649760113496    select 81
u = 0.6709496396863731    select 57
u = 0.7431579597677638    select 64
u = 0.3883863598560051    select 31
u = 0.5483581466470848    select 45
u = 0.05050606830995508    select 3
u = 0.4171335510740237    select 34
u = 0.06073800424071074    select 4
u = 0.6498788366360082    select 55
u = 0.9876243373755392    select 96
u = 0.11894169962462198    select 9


After selection: 

X = [0, 1, 1, 0, 1, 1, 1, 0, 0, 1, 1, 1, 1, 0]    Value: 7.07    f: 30.7151
X = [0, 0, 1, 0, 1, 1, 0, 0, 1, 1, 1, 1, 1, 1]    Value: 2.879    f: 30.501359
X = [0, 0, 0, 0, 0, 0, 0, 1, 0, 1, 0, 0, 1, 0]    Value: 0.082    f: 10.813276
X = [0, 0, 0, 1, 1, 0, 1, 1, 0, 0, 1, 1, 0, 1]    Value: 1.741    f: 24.378919
X = [0, 0, 1, 1, 1, 1, 1, 0, 1, 0, 1, 0, 1, 0]    Value: 4.01    f: 34.01989999999999
X = [0, 1, 1, 1, 1, 0, 1, 1, 0, 0, 1, 0, 1, 1]    Value: 7.883    f: 26.688311
X = [0, 0, 0, 0, 1, 0, 1, 0, 1, 1, 0, 1, 1, 1]    Value: 0.695    f: 16.466974999999998
X = [0, 1, 0, 1, 1, 0, 0, 0, 0, 0, 1, 1, 0, 0]    Value: 5.644    f: 34.585263999999995
X = [0, 0, 0, 1, 1, 0, 0, 1, 1, 1, 1, 1, 1, 0]    Value: 1.662    f: 23.857756
X = [0, 1, 0, 0, 1, 0, 1, 1, 1, 1, 0, 0, 0, 0]    Value: 4.848    f: 34.976895999999996
X = [0, 0, 1, 1, 0, 0, 1, 1, 1, 0, 0, 1, 1, 0]    Value: 3.302    f: 32.116796
X = [0, 1, 1, 0, 0, 1, 0, 0, 0, 1, 0, 0, 0, 0]    Value: 6.416    f: 32.99494399999999
X = [0, 0, 1, 1, 1, 1, 0, 1, 1, 0, 0, 1, 1, 0]    Value: 3.942    f: 33.880636
X = [0, 0, 0, 1, 1, 0, 0, 1, 0, 0, 0, 0, 0, 1]    Value: 1.601    f: 23.446799
X = [0, 0, 0, 1, 0, 0, 0, 1, 1, 1, 0, 0, 1, 0]    Value: 1.138    f: 20.084956
X = [0, 0, 1, 0, 0, 1, 0, 1, 1, 0, 1, 0, 0, 1]    Value: 2.409    f: 28.286718999999998
X = [0, 1, 1, 1, 1, 0, 1, 0, 0, 0, 0, 0, 0, 1]    Value: 7.809    f: 27.109519
X = [0, 0, 1, 1, 0, 0, 1, 1, 1, 0, 0, 1, 1, 0]    Value: 3.302    f: 32.116796
X = [0, 0, 1, 0, 1, 1, 0, 0, 1, 1, 1, 1, 1, 1]    Value: 2.879    f: 30.501359
X = [0, 1, 0, 0, 1, 0, 1, 1, 1, 1, 0, 0, 0, 0]    Value: 4.848    f: 34.976895999999996
X = [0, 1, 1, 0, 1, 0, 1, 1, 0, 0, 0, 0, 0, 1]    Value: 6.849    f: 31.581199000000005
X = [0, 1, 0, 0, 1, 0, 0, 0, 1, 0, 0, 0, 1, 1]    Value: 4.643    f: 34.872551
X = [0, 1, 1, 1, 0, 0, 1, 1, 0, 1, 1, 0, 1, 0]    Value: 7.386    f: 29.307004
X = [0, 0, 0, 0, 0, 1, 1, 1, 0, 0, 0, 0, 1, 1]    Value: 0.451    f: 14.306598999999999
X = [0, 1, 0, 0, 0, 0, 0, 0, 1, 0, 0, 0, 0, 1]    Value: 4.129    f: 34.241358999999996


Crossover: [0, 0, 1, 1, 1, 1, 0, 1, 1, 0, 0, 1, 1, 0]  [0, 0, 0, 0, 1, 0, 1, 0, 1, 1, 0, 1, 1, 1]
Result:    [0, 0, 1, 1, 1, 0, 1, 0, 1, 1, 0, 1, 1, 1]  [0, 0, 0, 0, 1, 1, 0, 1, 1, 0, 0, 1, 1, 0]

Crossover: [0, 0, 0, 0, 0, 1, 1, 1, 0, 0, 0, 0, 1, 1]  [0, 1, 0, 0, 1, 0, 0, 0, 1, 0, 0, 0, 1, 1]
Result:    [0, 0, 0, 0, 0, 0, 0, 0, 1, 0, 0, 0, 1, 1]  [0, 1, 0, 0, 1, 1, 1, 1, 0, 0, 0, 0, 1, 1]

Crossover: [0, 1, 1, 1, 0, 0, 1, 1, 0, 1, 1, 0, 1, 0]  [0, 1, 1, 1, 1, 0, 1, 1, 0, 0, 1, 0, 1, 1]
Result:    [0, 1, 1, 1, 0, 0, 1, 1, 0, 1, 1, 0, 1, 1]  [0, 1, 1, 1, 1, 0, 1, 1, 0, 0, 1, 0, 1, 0]

Crossover: [0, 0, 1, 1, 0, 0, 1, 1, 1, 0, 0, 1, 1, 0]  [0, 0, 0, 1, 1, 0, 0, 1, 1, 1, 1, 1, 1, 0]
Result:    [0, 0, 1, 1, 0, 0, 0, 1, 1, 1, 1, 1, 1, 0]  [0, 0, 0, 1, 1, 0, 1, 1, 1, 0, 0, 1, 1, 0]

Crossover: [0, 0, 1, 0, 1, 1, 0, 0, 1, 1, 1, 1, 1, 1]  [0, 1, 1, 0, 1, 0, 1, 1, 0, 0, 0, 0, 0, 1]
Result:    [0, 0, 1, 0, 1, 1, 1, 1, 0, 0, 0, 0, 0, 1]  [0, 1, 1, 0, 1, 0, 0, 0, 1, 1, 1, 1, 1, 1]

Crossover: [0, 0, 1, 0, 1, 1, 0, 0, 1, 1, 1, 1, 1, 1]  [0, 1, 0, 0, 0, 0, 0, 0, 1, 0, 0, 0, 0, 1]
Result:    [0, 0, 1, 0, 1, 1, 0, 0, 1, 1, 1, 0, 0, 1]  [0, 1, 0, 0, 0, 0, 0, 0, 1, 0, 0, 1, 1, 1]

Crossover: [0, 1, 0, 1, 1, 0, 0, 0, 0, 0, 1, 1, 0, 0]  [0, 1, 1, 0, 0, 1, 0, 0, 0, 1, 0, 0, 0, 0]
Result:    [0, 1, 0, 1, 1, 0, 0, 0, 0, 0, 1, 1, 0, 0]  [0, 1, 1, 0, 0, 1, 0, 0, 0, 1, 0, 0, 0, 0]

Crossover: [0, 0, 0, 1, 1, 0, 1, 1, 0, 0, 1, 1, 0, 1]  [0, 0, 1, 0, 0, 1, 0, 1, 1, 0, 1, 0, 0, 1]
Result:    [0, 0, 0, 1, 1, 0, 1, 1, 0, 0, 1, 1, 0, 1]  [0, 0, 1, 0, 0, 1, 0, 1, 1, 0, 1, 0, 0, 1]

Crossover: [0, 0, 0, 1, 1, 0, 0, 1, 0, 0, 0, 0, 0, 1]  [0, 0, 0, 1, 0, 0, 0, 1, 1, 1, 0, 0, 1, 0]
Result:    [0, 0, 0, 1, 1, 0, 0, 1, 1, 1, 0, 0, 1, 0]  [0, 0, 0, 1, 0, 0, 0, 1, 0, 0, 0, 0, 0, 1]

Crossover: [0, 1, 1, 0, 1, 1, 1, 0, 0, 1, 1, 1, 1, 0]  [0, 1, 1, 1, 1, 0, 1, 0, 0, 0, 0, 0, 0, 1]
Result:    [0, 1, 1, 1, 1, 0, 1, 0, 0, 0, 0, 0, 0, 1]  [0, 1, 1, 0, 1, 1, 1, 0, 0, 1, 1, 1, 1, 0]

Crossover: [0, 0, 1, 1, 1, 1, 1, 0, 1, 0, 1, 0, 1, 0]  [0, 0, 1, 1, 0, 0, 1, 1, 1, 0, 0, 1, 1, 0]
Result:    [0, 0, 1, 1, 1, 1, 1, 0, 1, 0, 0, 1, 1, 0]  [0, 0, 1, 1, 0, 0, 1, 1, 1, 0, 1, 0, 1, 0]

Crossover: [0, 1, 0, 0, 1, 0, 1, 1, 1, 1, 0, 0, 0, 0]  [0, 0, 0, 0, 0, 0, 0, 1, 0, 1, 0, 0, 1, 0]
Result:    [0, 1, 0, 0, 1, 0, 0, 1, 0, 1, 0, 0, 1, 0]  [0, 0, 0, 0, 0, 0, 1, 1, 1, 1, 0, 0, 0, 0]

Mutation from [0, 1, 0, 0, 1, 1, 0, 1, 0, 1, 0, 0, 0, 0] to [0, 1, 0, 0, 1, 1, 0, 1, 0, 1, 0, 0, 0, 0]
Mutation from [0, 1, 0, 0, 1, 0, 1, 1, 1, 1, 0, 0, 0, 0] to [0, 1, 0, 0, 1, 0, 1, 1, 1, 1, 0, 0, 0, 0]
Mutation from [0, 0, 1, 1, 0, 0, 1, 1, 1, 0, 0, 1, 1, 0] to [0, 0, 1, 1, 0, 0, 1, 1, 1, 0, 0, 1, 1, 0]
Mutation from [0, 0, 1, 1, 1, 0, 0, 1, 0, 0, 0, 0, 1, 1] to [0, 0, 1, 1, 1, 0, 0, 1, 0, 0, 0, 0, 1, 1]
Mutation from [1, 0, 0, 0, 1, 1, 1, 0, 0, 0, 0, 1, 0, 0] to [1, 0, 0, 0, 1, 1, 1, 0, 0, 0, 0, 1, 0, 0]
Mutation from [0, 0, 1, 0, 1, 0, 1, 0, 0, 1, 0, 1, 0, 0] to [0, 0, 1, 0, 1, 0, 1, 0, 0, 1, 0, 1, 0, 0]
Mutation from [0, 1, 0, 1, 1, 1, 1, 1, 0, 1, 0, 1, 1, 1] to [0, 1, 0, 1, 1, 1, 1, 1, 0, 1, 0, 1, 1, 1]
Mutation from [1, 0, 0, 0, 1, 0, 0, 0, 1, 0, 0, 1, 0, 0] to [1, 0, 0, 0, 1, 0, 0, 0, 1, 0, 0, 1, 0, 0]
Mutation from [0, 0, 1, 1, 1, 0, 1, 0, 1, 0, 0, 1, 1, 0] to [0, 0, 1, 1, 1, 0, 1, 0, 1, 0, 0, 1, 1, 0]
Mutation from [0, 0, 1, 1, 0, 1, 1, 0, 0, 1, 1, 0, 0, 0] to [0, 0, 1, 1, 0, 1, 1, 0, 0, 1, 1, 0, 0, 0]
Mutation from [0, 1, 1, 1, 1, 0, 1, 1, 1, 0, 0, 0, 0, 1] to [0, 1, 1, 1, 1, 0, 1, 1, 1, 0, 0, 0, 0, 1]
Mutation from [0, 1, 1, 1, 0, 0, 1, 0, 0, 0, 1, 0, 0, 1] to [0, 1, 1, 1, 0, 0, 1, 0, 0, 0, 1, 0, 0, 1]
Mutation from [0, 0, 1, 1, 0, 1, 1, 0, 0, 1, 1, 0, 0, 0] to [0, 0, 1, 1, 0, 1, 1, 0, 0, 1, 1, 0, 0, 0]
Mutation from [0, 0, 1, 1, 0, 1, 1, 0, 0, 1, 1, 0, 0, 0] to [0, 0, 1, 1, 0, 1, 1, 0, 0, 1, 1, 0, 0, 0]
Mutation from [0, 0, 1, 0, 1, 1, 1, 1, 0, 0, 0, 1, 0, 0] to [0, 0, 1, 0, 1, 1, 1, 1, 0, 0, 0, 1, 0, 0]
Mutation from [1, 0, 0, 1, 0, 0, 0, 0, 0, 0, 0, 1, 0, 0] to [1, 0, 0, 1, 0, 0, 0, 0, 0, 0, 0, 1, 0, 0]
Mutation from [1, 0, 0, 1, 0, 0, 0, 1, 0, 0, 1, 1, 1, 0] to [1, 0, 0, 1, 0, 0, 0, 1, 0, 0, 1, 1, 1, 0]
Mutation from [0, 1, 1, 0, 1, 0, 0, 0, 0, 1, 1, 0, 0, 0] to [0, 1, 1, 0, 1, 0, 0, 0, 0, 1, 1, 0, 0, 0]
Mutation from [0, 1, 0, 0, 1, 0, 1, 1, 1, 1, 0, 0, 0, 0] to [0, 1, 0, 0, 1, 0, 1, 1, 1, 1, 0, 0, 0, 0]
Mutation from [0, 0, 1, 1, 1, 1, 0, 1, 0, 0, 1, 1, 1, 1] to [0, 0, 1, 1, 1, 1, 0, 1, 0, 0, 1, 1, 1, 1]
Mutation from [0, 0, 1, 1, 0, 1, 1, 0, 0, 1, 1, 0, 0, 0] to [0, 0, 1, 1, 0, 1, 1, 0, 0, 1, 1, 0, 0, 0]
Mutation from [0, 1, 1, 1, 1, 0, 1, 0, 1, 0, 0, 0, 0, 1] to [0, 1, 1, 1, 1, 0, 1, 0, 1, 0, 0, 0, 0, 1]
Mutation from [0, 1, 1, 0, 0, 1, 0, 0, 0, 1, 0, 0, 0, 0] to [0, 1, 1, 0, 0, 1, 0, 0, 0, 1, 0, 0, 0, 0]
Mutation from [0, 0, 1, 0, 0, 1, 0, 1, 1, 0, 1, 0, 0, 1] to [0, 0, 1, 0, 0, 1, 0, 1, 1, 0, 1, 0, 0, 1]
Mutation from [0, 0, 1, 0, 1, 0, 0, 1, 1, 0, 1, 1, 1, 1] to [0, 0, 1, 0, 1, 0, 0, 1, 1, 0, 1, 1, 1, 1]
Mutation from [0, 0, 1, 1, 0, 0, 1, 1, 1, 1, 1, 0, 0, 0] to [0, 0, 1, 1, 0, 0, 1, 1, 1, 1, 1, 0, 0, 0]
Mutation from [0, 0, 1, 1, 1, 0, 0, 1, 0, 0, 0, 0, 1, 1] to [0, 0, 1, 1, 1, 0, 0, 1, 0, 0, 0, 0, 1, 1]
Mutation from [0, 0, 1, 0, 1, 1, 0, 0, 1, 1, 1, 1, 1, 1] to [0, 0, 1, 0, 1, 1, 0, 0, 1, 1, 1, 1, 1, 1]
Mutation from [0, 0, 1, 0, 1, 1, 1, 0, 0, 0, 0, 0, 0, 1] to [0, 0, 1, 0, 1, 1, 1, 0, 0, 0, 0, 0, 0, 1]
Mutation from [0, 0, 0, 1, 0, 0, 0, 1, 1, 1, 0, 0, 0, 0] to [0, 0, 0, 1, 0, 0, 0, 1, 1, 1, 0, 0, 0, 0]
Mutation from [0, 1, 0, 0, 1, 0, 1, 1, 1, 1, 0, 0, 0, 0] to [0, 1, 0, 0, 1, 0, 1, 1, 1, 1, 0, 0, 0, 0]
Mutation from [0, 1, 0, 0, 1, 0, 0, 0, 1, 0, 0, 0, 1, 1] to [0, 1, 0, 0, 1, 0, 0, 0, 1, 0, 0, 0, 1, 1]
Mutation from [0, 0, 0, 1, 1, 0, 0, 1, 0, 0, 0, 0, 0, 1] to [0, 0, 0, 1, 1, 0, 0, 1, 0, 0, 0, 0, 0, 1]
Mutation from [0, 0, 0, 1, 0, 0, 0, 0, 1, 0, 1, 0, 1, 1] to [0, 0, 0, 1, 0, 0, 0, 0, 1, 0, 1, 0, 1, 1]
Mutation from [0, 0, 1, 1, 1, 0, 1, 0, 1, 0, 0, 1, 1, 0] to [0, 0, 1, 1, 1, 0, 1, 0, 1, 0, 0, 1, 1, 0]
Mutation from [0, 0, 1, 0, 1, 1, 0, 0, 1, 1, 1, 1, 1, 1] to [0, 0, 1, 0, 1, 1, 0, 0, 1, 1, 1, 1, 1, 1]
Mutation from [0, 0, 1, 1, 1, 1, 1, 0, 1, 0, 1, 0, 1, 0] to [0, 0, 1, 1, 1, 1, 1, 0, 1, 0, 1, 0, 1, 0]
Mutation from [0, 1, 1, 1, 1, 0, 1, 1, 0, 0, 1, 0, 1, 1] to [0, 1, 1, 1, 1, 0, 1, 1, 0, 0, 1, 0, 1, 1]
Mutation from [0, 0, 1, 1, 1, 1, 0, 1, 0, 0, 1, 1, 1, 1] to [0, 0, 1, 1, 1, 1, 0, 1, 0, 0, 1, 1, 1, 1]
Mutation from [0, 0, 1, 1, 1, 0, 0, 1, 0, 0, 0, 0, 1, 1] to [0, 0, 1, 1, 1, 0, 0, 1, 0, 0, 0, 0, 1, 1]
Mutation from [0, 0, 0, 1, 1, 0, 1, 1, 0, 0, 1, 1, 0, 1] to [0, 0, 0, 1, 1, 0, 1, 1, 0, 0, 1, 1, 0, 1]
Mutation from [0, 0, 0, 0, 0, 0, 0, 1, 0, 1, 0, 0, 1, 0] to [0, 0, 0, 0, 0, 0, 0, 1, 0, 1, 0, 0, 1, 0]
Mutation from [1, 0, 0, 1, 0, 1, 1, 0, 0, 0, 0, 1, 1, 1] to [1, 0, 0, 1, 0, 1, 1, 0, 0, 0, 0, 1, 1, 1]
Mutation from [0, 0, 1, 1, 1, 1, 0, 1, 1, 0, 0, 1, 1, 0] to [0, 0, 1, 1, 1, 1, 0, 1, 1, 0, 0, 1, 1, 0]
Mutation from [0, 0, 0, 1, 1, 0, 0, 1, 0, 0, 0, 0, 0, 1] to [0, 0, 0, 1, 1, 0, 0, 1, 0, 0, 0, 0, 0, 1]
Mutation from [0, 0, 1, 0, 1, 0, 0, 1, 1, 0, 0, 1, 1, 0] to [0, 0, 1, 0, 1, 0, 0, 1, 1, 0, 0, 1, 1, 0]
Mutation from [0, 1, 1, 1, 1, 0, 1, 0, 0, 0, 0, 0, 0, 1] to [0, 1, 1, 1, 1, 0, 1, 0, 0, 0, 0, 0, 0, 1]
Mutation from [1, 0, 0, 1, 0, 1, 1, 0, 0, 0, 0, 1, 1, 1] to [1, 0, 0, 1, 0, 1, 1, 0, 0, 0, 0, 1, 1, 1]
Mutation from [0, 0, 0, 1, 0, 0, 0, 0, 1, 0, 1, 0, 1, 1] to [0, 0, 0, 1, 0, 0, 0, 0, 1, 0, 1, 0, 1, 1]
Mutation from [0, 0, 1, 0, 1, 0, 1, 0, 0, 1, 0, 1, 0, 0] to [0, 0, 1, 0, 1, 0, 1, 0, 0, 1, 0, 1, 0, 0]
Mutation from [1, 0, 0, 0, 1, 1, 1, 0, 0, 0, 0, 1, 0, 0] to [1, 0, 0, 0, 1, 1, 1, 0, 0, 0, 0, 1, 0, 0]
Mutation from [0, 1, 1, 0, 1, 1, 1, 0, 0, 0, 0, 0, 1, 0] to [0, 1, 1, 0, 1, 1, 1, 0, 0, 0, 0, 0, 1, 0]
Mutation from [0, 0, 0, 1, 0, 0, 0, 1, 1, 1, 0, 0, 1, 0] to [0, 0, 0, 1, 0, 0, 0, 1, 1, 1, 0, 0, 1, 0]
Mutation from [0, 0, 1, 0, 1, 1, 1, 0, 1, 1, 1, 1, 1, 1] to [0, 0, 1, 0, 1, 1, 1, 0, 1, 1, 1, 1, 1, 1]
Mutation from [0, 0, 0, 1, 0, 0, 0, 1, 1, 1, 0, 0, 0, 0] to [0, 0, 0, 1, 0, 0, 0, 1, 1, 1, 0, 0, 0, 0]
Mutation from [0, 0, 1, 1, 0, 0, 1, 1, 0, 1, 0, 1, 1, 0] to [0, 0, 1, 1, 0, 0, 1, 1, 0, 1, 0, 1, 1, 0]
Mutation from [0, 1, 1, 0, 1, 0, 1, 1, 0, 0, 0, 0, 0, 1] to [0, 1, 1, 0, 1, 0, 1, 1, 0, 0, 0, 0, 0, 1]
Mutation from [1, 0, 0, 1, 0, 1, 0, 0, 1, 1, 1, 1, 1, 1] to [1, 0, 0, 1, 0, 1, 0, 0, 1, 1, 1, 1, 1, 1]
Mutation from [0, 1, 1, 1, 1, 0, 1, 0, 0, 0, 0, 0, 0, 1] to [0, 1, 1, 1, 1, 0, 1, 0, 0, 0, 0, 0, 0, 1]
Mutation from [0, 1, 1, 1, 1, 1, 0, 1, 1, 0, 0, 0, 1, 0] to [0, 1, 1, 1, 1, 1, 0, 1, 1, 0, 0, 0, 1, 0]
Mutation from [0, 0, 0, 1, 1, 0, 1, 1, 0, 1, 0, 0, 0, 1] to [0, 0, 0, 1, 1, 0, 1, 1, 0, 1, 0, 0, 0, 1]
Mutation from [0, 0, 1, 0, 1, 1, 1, 1, 0, 0, 0, 1, 0, 0] to [0, 0, 1, 0, 1, 1, 1, 1, 0, 0, 0, 1, 0, 0]
Mutation from [0, 0, 1, 0, 1, 0, 0, 1, 1, 0, 1, 1, 1, 1] to [0, 0, 1, 0, 1, 0, 0, 1, 1, 0, 1, 1, 1, 1]
Mutation from [0, 1, 1, 1, 1, 0, 0, 0, 0, 0, 1, 0, 0, 1] to [0, 1, 1, 1, 1, 0, 0, 0, 0, 0, 1, 0, 0, 1]
Mutation from [0, 1, 0, 1, 1, 1, 1, 1, 0, 1, 0, 1, 1, 1] to [0, 1, 0, 1, 1, 1, 1, 1, 0, 1, 0, 1, 1, 1]
Mutation from [0, 1, 1, 1, 1, 0, 1, 0, 1, 0, 0, 0, 0, 1] to [0, 1, 1, 1, 1, 0, 1, 0, 1, 0, 0, 0, 0, 1]
Mutation from [0, 0, 1, 0, 1, 1, 1, 0, 0, 0, 0, 0, 0, 1] to [0, 0, 1, 0, 1, 1, 1, 0, 0, 0, 0, 0, 0, 1]
Mutation from [0, 0, 0, 1, 1, 0, 1, 1, 0, 1, 0, 0, 0, 1] to [0, 0, 0, 1, 1, 0, 1, 1, 0, 1, 0, 0, 0, 1]
Mutation from [0, 1, 0, 0, 1, 1, 0, 1, 0, 1, 0, 0, 0, 0] to [0, 1, 0, 0, 1, 1, 0, 1, 0, 1, 0, 0, 0, 0]
Mutation from [0, 1, 1, 0, 1, 1, 0, 1, 0, 0, 1, 1, 0, 0] to [0, 1, 1, 0, 1, 1, 0, 1, 0, 0, 1, 1, 0, 0]
Mutation from [0, 1, 1, 1, 0, 0, 0, 0, 0, 1, 1, 0, 1, 1] to [0, 1, 1, 1, 0, 0, 0, 0, 0, 1, 1, 0, 1, 1]
Mutation from [0, 1, 1, 1, 1, 0, 1, 0, 0, 0, 0, 0, 0, 1] to [0, 1, 1, 1, 1, 0, 1, 0, 0, 0, 0, 0, 0, 1]
Mutation from [0, 0, 0, 1, 0, 0, 0, 0, 1, 0, 1, 0, 1, 1] to [0, 0, 0, 1, 0, 0, 0, 0, 1, 0, 1, 0, 1, 1]
Mutation from [0, 0, 0, 0, 0, 0, 0, 1, 0, 1, 0, 0, 1, 0] to [0, 0, 0, 0, 0, 0, 0, 1, 0, 1, 0, 0, 1, 0]
Mutation from [0, 1, 1, 1, 0, 0, 1, 0, 0, 0, 1, 0, 0, 1] to [0, 1, 1, 1, 0, 0, 1, 0, 0, 0, 1, 0, 0, 1]
Mutation from [0, 0, 1, 1, 1, 0, 1, 0, 1, 1, 0, 1, 1, 1] to [0, 0, 1, 1, 1, 0, 1, 0, 1, 1, 0, 1, 1, 1]
Mutation from [0, 0, 0, 0, 1, 1, 0, 1, 1, 0, 0, 1, 1, 0] to [0, 0, 0, 0, 1, 1, 0, 1, 1, 0, 0, 1, 1, 0]
Mutation from [0, 0, 0, 0, 0, 0, 0, 0, 1, 0, 0, 0, 1, 1] to [0, 0, 0, 0, 0, 0, 0, 0, 1, 0, 0, 0, 1, 1]
Mutation from [0, 1, 0, 0, 1, 1, 1, 1, 0, 0, 0, 0, 1, 1] to [0, 1, 0, 0, 1, 1, 1, 1, 0, 0, 0, 0, 1, 1]
Mutation from [0, 1, 1, 1, 0, 0, 1, 1, 0, 1, 1, 0, 1, 1] to [0, 1, 1, 1, 0, 0, 1, 1, 0, 1, 1, 0, 1, 1]
Mutation from [0, 1, 1, 1, 1, 0, 1, 1, 0, 0, 1, 0, 1, 0] to [0, 1, 1, 1, 1, 0, 1, 1, 0, 0, 1, 0, 1, 0]
Mutation from [0, 0, 1, 1, 0, 0, 0, 1, 1, 1, 1, 1, 1, 0] to [0, 0, 1, 1, 0, 0, 0, 1, 1, 1, 1, 1, 1, 0]
Mutation from [0, 0, 0, 1, 1, 0, 1, 1, 1, 0, 0, 1, 1, 0] to [0, 0, 0, 1, 1, 0, 1, 1, 1, 0, 0, 1, 1, 0]
Mutation from [0, 0, 1, 0, 1, 1, 1, 1, 0, 0, 0, 0, 0, 1] to [0, 0, 1, 0, 1, 1, 1, 1, 0, 0, 0, 0, 0, 1]
Mutation from [0, 1, 1, 0, 1, 0, 0, 0, 1, 1, 1, 1, 1, 1] to [0, 1, 1, 0, 1, 0, 0, 0, 1, 1, 1, 1, 1, 1]
Mutation from [0, 0, 1, 0, 1, 1, 0, 0, 1, 1, 1, 0, 0, 1] to [0, 0, 1, 0, 1, 1, 0, 0, 1, 1, 1, 0, 0, 1]
Mutation from [0, 1, 0, 0, 0, 0, 0, 0, 1, 0, 0, 1, 1, 1] to [0, 1, 0, 0, 0, 0, 0, 0, 1, 0, 0, 1, 1, 1]
Mutation from [0, 1, 0, 1, 1, 0, 0, 0, 0, 0, 1, 1, 0, 0] to [0, 1, 0, 1, 1, 0, 0, 0, 0, 0, 1, 1, 0, 0]
Mutation from [0, 1, 1, 0, 0, 1, 0, 0, 0, 1, 0, 0, 0, 0] to [0, 1, 1, 0, 0, 1, 0, 0, 0, 1, 0, 0, 0, 0]
Mutation from [0, 0, 0, 1, 1, 0, 1, 1, 0, 0, 1, 1, 0, 1] to [0, 0, 0, 1, 1, 0, 1, 1, 0, 0, 1, 1, 0, 1]
Mutation from [0, 0, 1, 0, 0, 1, 0, 1, 1, 0, 1, 0, 0, 1] to [0, 0, 1, 0, 0, 1, 0, 1, 1, 0, 1, 0, 0, 1]
Mutation from [0, 0, 0, 1, 1, 0, 0, 1, 1, 1, 0, 0, 1, 0] to [0, 0, 0, 1, 1, 0, 0, 1, 1, 1, 0, 0, 1, 0]
Mutation from [0, 0, 0, 1, 0, 0, 0, 1, 0, 0, 0, 0, 0, 1] to [0, 0, 0, 1, 0, 0, 0, 1, 0, 0, 0, 0, 0, 1]
Mutation from [0, 1, 1, 1, 1, 0, 1, 0, 0, 0, 0, 0, 0, 1] to [0, 1, 1, 1, 1, 0, 1, 0, 0, 0, 0, 0, 0, 1]
Mutation from [0, 1, 1, 0, 1, 1, 1, 0, 0, 1, 1, 1, 1, 0] to [0, 1, 1, 0, 1, 1, 1, 0, 0, 1, 1, 1, 1, 0]
Mutation from [0, 0, 1, 1, 1, 1, 1, 0, 1, 0, 0, 1, 1, 0] to [0, 0, 1, 1, 1, 1, 1, 0, 1, 0, 0, 1, 1, 0]
Mutation from [0, 0, 1, 1, 0, 0, 1, 1, 1, 0, 1, 0, 1, 0] to [0, 0, 1, 1, 0, 0, 1, 1, 1, 0, 1, 0, 1, 0]
Mutation from [0, 1, 0, 0, 1, 0, 0, 1, 0, 1, 0, 0, 1, 0] to [0, 1, 0, 0, 1, 0, 0, 1, 0, 1, 0, 0, 1, 0]
Mutation from [0, 0, 0, 0, 0, 0, 1, 1, 1, 1, 0, 0, 0, 0] to [0, 0, 0, 0, 0, 0, 1, 1, 1, 1, 0, 0, 0, 0]


Maximum: 
Val: 4.944  fitness: 34.996864
Val: 4.944  fitness: 34.996864
Val: 4.944  fitness: 34.996864
Val: 4.944  fitness: 34.996864
Val: 4.944  fitness: 34.996864
Val: 4.959  fitness: 34.998318999999995
Val: 4.959  fitness: 34.998318999999995
Val: 4.959  fitness: 34.998318999999995
Val: 4.959  fitness: 34.998318999999995
Val: 4.959  fitness: 34.998318999999995
Val: 4.967  fitness: 34.998911
Val: 4.992  fitness: 34.999936000000005
Val: 4.992  fitness: 34.999936000000005
Val: 4.992  fitness: 34.999936000000005
Val: 4.992  fitness: 34.999936000000005
Val: 4.992  fitness: 34.999936000000005
Val: 4.992  fitness: 34.999936000000005
Val: 4.993  fitness: 34.999951
Val: 4.993  fitness: 34.999951
Val: 4.993  fitness: 34.999951

Final Population: 

X = [0, 1, 0, 0, 1, 1, 1, 0, 0, 0, 0, 0, 0, 1]    Value: 4.993    f: 34.999951
X = [0, 1, 0, 0, 1, 1, 1, 0, 0, 0, 0, 0, 0, 1]    Value: 4.993    f: 34.999951
X = [0, 1, 0, 0, 1, 1, 1, 0, 0, 0, 0, 0, 0, 0]    Value: 4.992    f: 34.999936000000005
X = [0, 1, 0, 0, 1, 1, 0, 1, 0, 0, 0, 1, 0, 0]    Value: 4.932    f: 34.99537600000001
X = [0, 1, 0, 0, 1, 0, 0, 0, 1, 0, 0, 0, 1, 1]    Value: 4.643    f: 34.872551
X = [0, 1, 0, 0, 1, 0, 0, 0, 0, 1, 1, 0, 0, 0]    Value: 4.632    f: 34.864576
X = [0, 1, 0, 0, 1, 0, 0, 0, 1, 0, 0, 0, 1, 1]    Value: 4.643    f: 34.872551
X = [0, 0, 1, 1, 1, 1, 1, 1, 0, 1, 0, 0, 0, 0]    Value: 4.048    f: 34.09369600000001
X = [0, 1, 0, 0, 0, 0, 0, 1, 0, 1, 1, 1, 1, 1]    Value: 4.191    f: 34.345518999999996
X = [0, 1, 0, 0, 1, 1, 0, 1, 1, 0, 0, 1, 1, 1]    Value: 4.967    f: 34.998911
X = [0, 0, 1, 0, 1, 1, 1, 1, 0, 1, 0, 1, 1, 0]    Value: 3.03    f: 31.119099999999996
X = [0, 1, 0, 0, 0, 0, 1, 1, 0, 1, 0, 0, 0, 0]    Value: 4.304    f: 34.515584000000004
X = [0, 1, 0, 0, 1, 1, 0, 1, 0, 0, 0, 1, 0, 0]    Value: 4.932    f: 34.99537600000001
X = [0, 1, 0, 0, 1, 1, 0, 1, 0, 0, 0, 1, 0, 0]    Value: 4.932    f: 34.99537600000001
X = [0, 0, 0, 1, 0, 0, 0, 1, 1, 1, 0, 0, 0, 1]    Value: 1.137    f: 20.077231
X = [0, 1, 0, 0, 1, 0, 0, 0, 1, 0, 0, 0, 1, 1]    Value: 4.643    f: 34.872551
X = [0, 1, 0, 0, 0, 0, 0, 1, 0, 1, 1, 1, 1, 1]    Value: 4.191    f: 34.345518999999996
X = [0, 1, 0, 0, 1, 0, 0, 0, 0, 1, 1, 1, 1, 1]    Value: 4.639    f: 34.869679
X = [0, 1, 0, 0, 1, 0, 0, 0, 1, 0, 0, 0, 1, 1]    Value: 4.643    f: 34.872551
X = [0, 0, 1, 1, 1, 1, 0, 1, 0, 0, 0, 1, 0, 0]    Value: 3.908    f: 33.807536
X = [0, 0, 0, 1, 0, 0, 0, 1, 1, 1, 0, 0, 0, 1]    Value: 1.137    f: 20.077231
X = [0, 0, 0, 0, 1, 0, 0, 0, 1, 0, 0, 0, 1, 1]    Value: 0.547    f: 15.170791000000001
X = [0, 1, 0, 0, 1, 0, 1, 1, 1, 1, 1, 0, 1, 1]    Value: 4.859    f: 34.980119
X = [0, 1, 0, 0, 0, 0, 1, 1, 0, 1, 0, 0, 0, 0]    Value: 4.304    f: 34.515584000000004
X = [0, 0, 1, 1, 0, 0, 1, 1, 0, 1, 1, 0, 0, 1]    Value: 3.289    f: 32.072479
X = [0, 1, 0, 0, 1, 1, 0, 1, 0, 0, 0, 1, 0, 0]    Value: 4.932    f: 34.99537600000001
X = [0, 1, 0, 0, 1, 0, 0, 0, 0, 1, 1, 1, 1, 1]    Value: 4.639    f: 34.869679
X = [0, 1, 0, 0, 1, 1, 1, 0, 0, 0, 0, 0, 0, 0]    Value: 4.992    f: 34.999936000000005
X = [0, 1, 0, 0, 1, 1, 0, 0, 1, 0, 0, 0, 1, 1]    Value: 4.899    f: 34.989799000000005
X = [0, 0, 0, 1, 1, 1, 1, 0, 1, 0, 0, 0, 1, 1]    Value: 1.955    f: 25.727975
X = [0, 1, 0, 0, 1, 1, 0, 0, 1, 0, 0, 0, 1, 1]    Value: 4.899    f: 34.989799000000005
X = [0, 1, 0, 0, 1, 1, 1, 0, 0, 0, 0, 0, 0, 1]    Value: 4.993    f: 34.999951
X = [0, 1, 0, 0, 1, 1, 0, 0, 1, 0, 0, 0, 1, 1]    Value: 4.899    f: 34.989799000000005
X = [0, 0, 0, 1, 0, 0, 0, 1, 1, 1, 0, 0, 0, 1]    Value: 1.137    f: 20.077231
X = [0, 1, 0, 0, 1, 1, 1, 1, 0, 0, 0, 0, 0, 0]    Value: 5.056    f: 34.996864
X = [0, 0, 0, 1, 0, 0, 0, 1, 1, 1, 0, 0, 0, 1]    Value: 1.137    f: 20.077231
X = [0, 0, 1, 0, 1, 1, 1, 0, 0, 1, 1, 0, 1, 1]    Value: 2.971    f: 30.883159
X = [0, 0, 0, 1, 0, 0, 0, 1, 1, 1, 0, 0, 0, 1]    Value: 1.137    f: 20.077231
X = [0, 0, 1, 1, 0, 0, 1, 1, 0, 1, 1, 0, 0, 1]    Value: 3.289    f: 32.072479
X = [0, 1, 0, 0, 0, 0, 0, 1, 0, 1, 1, 1, 1, 1]    Value: 4.191    f: 34.345518999999996
X = [0, 1, 0, 0, 1, 1, 1, 0, 0, 0, 0, 0, 0, 0]    Value: 4.992    f: 34.999936000000005
X = [0, 0, 0, 1, 0, 0, 0, 1, 1, 1, 0, 0, 0, 1]    Value: 1.137    f: 20.077231
X = [0, 1, 0, 0, 1, 1, 1, 1, 1, 0, 0, 0, 1, 1]    Value: 5.091    f: 34.991719
X = [0, 1, 0, 0, 0, 0, 1, 1, 0, 1, 0, 0, 0, 0]    Value: 4.304    f: 34.515584000000004
X = [0, 1, 0, 0, 1, 0, 1, 1, 1, 1, 1, 0, 1, 1]    Value: 4.859    f: 34.980119
X = [0, 1, 0, 0, 0, 0, 1, 1, 0, 1, 0, 0, 0, 0]    Value: 4.304    f: 34.515584000000004
X = [0, 1, 0, 0, 1, 0, 1, 1, 0, 0, 0, 0, 1, 1]    Value: 4.803    f: 34.961191
X = [0, 1, 0, 0, 1, 1, 1, 0, 0, 1, 0, 0, 0, 0]    Value: 5.008    f: 34.999936
X = [0, 1, 0, 0, 1, 0, 0, 0, 1, 0, 0, 0, 1, 1]    Value: 4.643    f: 34.872551
X = [0, 0, 1, 0, 1, 1, 1, 1, 0, 1, 0, 1, 1, 0]    Value: 3.03    f: 31.119099999999996
X = [0, 0, 0, 0, 1, 0, 0, 0, 1, 0, 0, 0, 1, 1]    Value: 0.547    f: 15.170791000000001
X = [0, 1, 0, 0, 1, 1, 0, 1, 0, 0, 0, 1, 0, 0]    Value: 4.932    f: 34.99537600000001
X = [0, 1, 0, 0, 1, 0, 1, 1, 0, 1, 0, 1, 0, 1]    Value: 4.821    f: 34.96795899999999
X = [0, 1, 0, 0, 1, 0, 1, 0, 0, 1, 1, 0, 0, 0]    Value: 4.76    f: 34.94239999999999
X = [0, 1, 0, 0, 1, 0, 1, 1, 0, 1, 0, 1, 0, 1]    Value: 4.821    f: 34.96795899999999
X = [0, 1, 0, 0, 0, 0, 1, 1, 0, 1, 0, 0, 0, 0]    Value: 4.304    f: 34.515584000000004
X = [0, 1, 0, 0, 1, 1, 0, 0, 1, 0, 0, 0, 1, 1]    Value: 4.899    f: 34.989799000000005
X = [0, 0, 1, 0, 1, 1, 1, 0, 0, 1, 0, 0, 0, 0]    Value: 2.96    f: 30.8384
X = [0, 1, 0, 0, 1, 1, 0, 1, 0, 1, 1, 1, 1, 1]    Value: 4.959    f: 34.998318999999995
X = [0, 1, 0, 0, 1, 1, 1, 0, 0, 1, 1, 0, 0, 1]    Value: 5.017    f: 34.999711
X = [0, 1, 0, 0, 0, 0, 1, 1, 0, 1, 0, 0, 0, 0]    Value: 4.304    f: 34.515584000000004
X = [0, 1, 0, 0, 1, 0, 0, 0, 1, 0, 0, 0, 1, 1]    Value: 4.643    f: 34.872551
X = [0, 1, 0, 0, 1, 1, 1, 0, 0, 1, 1, 0, 0, 1]    Value: 5.017    f: 34.999711
X = [0, 0, 0, 1, 0, 0, 0, 1, 1, 1, 1, 0, 1, 1]    Value: 1.147    f: 20.154391
X = [0, 1, 0, 0, 1, 1, 1, 0, 0, 1, 0, 0, 0, 0]    Value: 5.008    f: 34.999936
X = [0, 1, 0, 0, 1, 1, 0, 1, 1, 0, 0, 1, 1, 1]    Value: 4.967    f: 34.998911
X = [0, 1, 0, 0, 1, 1, 0, 1, 0, 0, 0, 1, 0, 0]    Value: 4.932    f: 34.99537600000001
X = [0, 1, 0, 0, 0, 0, 1, 1, 0, 1, 0, 0, 0, 0]    Value: 4.304    f: 34.515584000000004
X = [0, 0, 1, 0, 1, 1, 1, 0, 0, 1, 0, 0, 0, 0]    Value: 2.96    f: 30.8384
X = [0, 1, 0, 0, 1, 0, 1, 0, 0, 1, 1, 0, 0, 0]    Value: 4.76    f: 34.94239999999999
X = [0, 1, 0, 0, 0, 0, 0, 1, 1, 0, 0, 0, 1, 1]    Value: 4.195    f: 34.351974999999996
X = [0, 1, 0, 0, 1, 1, 0, 0, 1, 0, 0, 0, 1, 1]    Value: 4.899    f: 34.989799000000005
X = [0, 0, 1, 1, 0, 0, 1, 1, 0, 1, 1, 0, 0, 1]    Value: 3.289    f: 32.072479
X = [0, 1, 0, 0, 1, 1, 1, 0, 0, 1, 0, 0, 0, 0]    Value: 5.008    f: 34.999936
X = [0, 1, 0, 0, 1, 1, 0, 0, 1, 0, 0, 0, 1, 1]    Value: 4.899    f: 34.989799000000005
X = [0, 1, 0, 0, 1, 0, 1, 1, 0, 1, 1, 0, 0, 0]    Value: 4.824    f: 34.969024
X = [0, 1, 0, 0, 1, 0, 1, 0, 0, 0, 0, 0, 0, 1]    Value: 4.737    f: 34.930831000000005
X = [0, 1, 0, 0, 0, 0, 1, 1, 0, 1, 1, 0, 0, 1]    Value: 4.313    f: 34.528031
X = [0, 0, 1, 1, 0, 0, 1, 1, 0, 1, 1, 0, 1, 1]    Value: 3.291    f: 32.079319
X = [0, 1, 0, 0, 1, 0, 0, 0, 1, 0, 0, 0, 1, 0]    Value: 4.642    f: 34.871836
X = [0, 1, 0, 0, 1, 0, 1, 0, 0, 1, 1, 0, 0, 1]    Value: 4.761    f: 34.942879
X = [0, 1, 0, 0, 1, 1, 0, 0, 1, 0, 0, 0, 1, 1]    Value: 4.899    f: 34.989799000000005
X = [0, 1, 0, 0, 1, 0, 1, 1, 0, 0, 0, 0, 0, 0]    Value: 4.8    f: 34.96
X = [0, 1, 0, 0, 1, 1, 1, 0, 0, 0, 0, 0, 0, 0]    Value: 4.992    f: 34.999936000000005
X = [0, 1, 0, 0, 1, 0, 0, 0, 1, 0, 0, 0, 1, 1]    Value: 4.643    f: 34.872551
X = [0, 1, 0, 0, 1, 0, 1, 0, 0, 1, 0, 1, 1, 0]    Value: 4.758    f: 34.941435999999996
X = [0, 0, 1, 0, 1, 1, 1, 1, 0, 0, 0, 0, 0, 0]    Value: 3.008    f: 31.031935999999998
X = [0, 1, 0, 0, 1, 0, 0, 0, 0, 0, 0, 0, 0, 0]    Value: 4.608    f: 34.846336
X = [0, 1, 0, 0, 1, 1, 1, 0, 1, 0, 0, 0, 1, 1]    Value: 5.027    f: 34.999271
X = [0, 1, 0, 0, 1, 0, 1, 1, 0, 1, 1, 0, 1, 1]    Value: 4.827    f: 34.970071
X = [0, 1, 0, 0, 0, 0, 1, 1, 0, 1, 0, 1, 0, 1]    Value: 4.309    f: 34.522519
X = [0, 1, 0, 0, 1, 0, 1, 1, 0, 1, 1, 0, 0, 0]    Value: 4.824    f: 34.969024
X = [0, 1, 0, 0, 1, 1, 0, 1, 0, 0, 0, 1, 0, 1]    Value: 4.933    f: 34.995511
X = [0, 1, 0, 0, 0, 0, 0, 1, 1, 1, 0, 0, 0, 1]    Value: 4.209    f: 34.374319
X = [0, 0, 0, 1, 1, 0, 0, 0, 1, 0, 0, 0, 1, 1]    Value: 1.571    f: 23.241959
X = [0, 1, 0, 0, 1, 0, 0, 0, 1, 0, 0, 0, 1, 1]    Value: 4.643    f: 34.872551
X = [0, 1, 0, 0, 1, 1, 0, 0, 1, 0, 0, 0, 1, 1]    Value: 4.899    f: 34.989799000000005
X = [0, 0, 1, 1, 1, 1, 0, 1, 0, 0, 0, 0, 0, 1]    Value: 3.905    f: 33.800975
X = [0, 1, 0, 0, 1, 1, 1, 0, 0, 0, 0, 1, 0, 0]    Value: 4.996    f: 34.999984000000005
